0, 9737
1, 1085
2, 1441
3, 1461
4, 1281
5, 1129
6, 992
7, 875
8, 875
9, 817
10, 795
11, 802
12, 740
13, 796
14, 820
15, 730
16, 781
17, 821
18, 770
19, 758
20, 752
21, 779
22, 732
23, 766
24, 772
25, 740
26, 748
27, 698
28, 688
29, 696
30, 724
31, 711
32, 728
33, 691
34, 669
35, 689
36, 770
37, 692
38, 722
39, 703
40, 737
41, 738
42, 735
43, 708
44, 693
45, 683
46, 705
47, 676
48, 736
49, 743
50, 795
51, 791
52, 828
53, 832
54, 757
55, 782
56, 796
57, 802
58, 847
59, 863
60, 894
61, 931
62, 987
63, 966
64, 1014
65, 1001
66, 1014
67, 1023
68, 1028
69, 1038
70, 1136
71, 1125
72, 1088
73, 1143
74, 1177
75, 1230
76, 1219
77, 1235
78, 1177
79, 1311
80, 1228
81, 1254
82, 1295
83, 1247
84, 1262
85, 1388
86, 1379
87, 1391
88, 1381
89, 1433
90, 1385
91, 1399
92, 1428
93, 1414
94, 1415
95, 1461
96, 1516
97, 1618
98, 1664
99, 1732
100, 1648
101, 1732
102, 1661
103, 1654
104, 1621
105, 1617
106, 1681
107, 1751
108, 1758
109, 1732
110, 1867
111, 1930
112, 1993
113, 1900
114, 1858
115, 1835
116, 1810
117, 1765
118, 1691
119, 1676
120, 1544
121, 1496
122, 1463
123, 1457
124, 1409
125, 1498
126, 1421
127, 1372
128, 1330
129, 1386
130, 1444
131, 1445
132, 1369
133, 1377
134, 1402
135, 1364
136, 1478
137, 1492
138, 1491
139, 1368
140, 1371
141, 1314
142, 1348
143, 1539
144, 2122
145, 1528
146, 1617
147, 1742
148, 1990
149, 1918
150, 1939
151, 1895
152, 1729
153, 1742
154, 1678
155, 1908
156, 1879
157, 2311
158, 2203
159, 2275
160, 2155
161, 2041
162, 2203
163, 2133
164, 2094
165, 2192
166, 2114
167, 1971
168, 1947
169, 1934
170, 2304
171, 2463
172, 2457
173, 2880
174, 2642
175, 2991
176, 2921
177, 3308
178, 2550
179, 2673
180, 3212
181, 3464
182, 3641
183, 3371
184, 3282
185, 3437
186, 3419
187, 2826
188, 3005
189, 3337
190, 5045
191, 4654
192, 2882
193, 2966
194, 2996
195, 2216
196, 1514
197, 1052
198, 978
199, 953
200, 760
201, 778
202, 690
203, 641
204, 586
205, 496
206, 501
207, 465
208, 487
209, 495
210, 441
211, 458
212, 419
213, 410
214, 403
215, 406
216, 415
217, 378
218, 377
219, 359
220, 414
221, 406
222, 551
223, 498
224, 464
225, 410
226, 376
227, 317
228, 353
229, 362
230, 400
231, 408
232, 353
233, 338
234, 258
235, 265
236, 233
237, 229
238, 200
239, 195
240, 192
241, 193
242, 170
243, 164
244, 164
245, 174
246, 152
247, 156
248, 171
249, 134
250, 139
251, 154
252, 177
253, 219
254, 252
255, 77
